numKinects: 3
camera 0
fx: 366.425995
fy: 366.425995
cx: 248.003693
cy: 210.223099
R
0.142051 -0.339723 0.929735
0.987445 -0.016916 -0.157049
0.069081 0.940373 0.333055
invR
0.095368 0.995039 0.028334
-0.398558 0.012085 0.917064
0.912171 -0.098751 0.397733
T
-0.074670 -0.206793 -1.110847
camera 1
fx: 367.528595
fy: 367.528595
cx: 255.201202
cy: 207.594406
R
-0.999254 0.025415 0.029070
0.009800 -0.561317 0.827543
0.037349 0.827210 0.560651
invR
-0.994027 0.039766 0.101633
0.056572 -0.608619 0.791443
0.093328 0.792465 0.602734
T
-0.041735 -0.044492 -0.989765
camera 2
fx: 366.821899
fy: 366.821899
cx: 260.497314
cy: 206.150497
R
0.956738 0.116094 -0.266787
-0.283682 0.168490 -0.944000
-0.064641 0.978843 0.194135
invR
0.956870 -0.284984 -0.056427
0.099571 0.139246 0.985239
-0.272920 -0.948364 0.161617
T
-0.146483 -0.174964 -0.878736
