numKinects: 2
camera 0
fx: 367.528595
fy: 367.528595
cx: 255.201202
cy: 207.594406
R
-0.467521 -0.709663 0.527070
0.757580 -0.014413 0.652583
-0.455517 0.704394 0.544365
invR
-0.467521 0.757580 -0.455517
-0.709663 -0.014413 0.704394
0.527070 0.652583 0.544365
T
-0.073124 -0.243903 -0.714157
camera 1
fx: 366.425995
fy: 366.425995
cx: 248.003693
cy: 210.223099
R
0.727953 -0.681171 -0.078044
0.421788 0.534656 -0.732283
0.540536 0.500150 0.676514
invR
0.727953 0.421788 0.540536
-0.681171 0.534656 0.500150
-0.078044 -0.732283 0.676514
T
-0.125210 -0.016835 -0.752970
