numKinects: 3
camera 0
fx: 367.528595
fy: 367.528595
cx: 255.201202
cy: 207.594406
R
-0.483847 0.271380 -0.832013
-0.866832 -0.017825 0.498282
0.120393 0.962307 0.243865
invR
-0.483847 -0.866832 0.120393
0.271380 -0.017825 0.962307
-0.832013 0.498282 0.243865
T
0.009120 -0.516469 -1.267196
camera 1
fx: 366.425995
fy: 366.425995
cx: 248.003693
cy: 210.223099
R
-0.875683 -0.154848 0.457386
0.481123 -0.360650 0.799032
0.041228 0.919757 0.390316
invR
-0.875683 0.481123 0.041228
-0.154848 -0.360650 0.919757
0.457386 0.799032 0.390316
T
-0.248010 -0.168711 -1.191675
camera 2
fx: 366.821899
fy: 366.821899
cx: 260.497314
cy: 206.150497
R
0.370356 0.345600 0.862205
0.770812 0.403625 -0.492885
-0.518348 0.847141 -0.116908
invR
0.370356 0.770812 -0.518348
0.345600 0.403625 0.847141
0.862205 -0.492885 -0.116908
T
-0.087377 -0.436450 -1.660388
