numKinects: 2
camera 0
fx: 367.528595
fy: 367.528595
cx: 255.201202
cy: 207.594406
R
-0.069014 -0.366228 0.927962
0.994028 -0.104055 0.032861
0.084524 0.924689 0.371223
invR
-0.062500 0.996031 0.063366
-0.351648 -0.081395 0.932587
0.934043 0.036005 0.355340
T
0.080384 -0.402049 -1.230042
camera 1
fx: 366.425995
fy: 366.425995
cx: 248.003693
cy: 210.223099
R
0.995912 -0.082297 0.037249
0.069691 0.437608 -0.896461
0.057476 0.895391 0.441554
invR
0.994694 0.075080 0.070333
-0.095423 0.417844 0.903494
0.038446 -0.905411 0.422791
T
-0.188096 -0.119469 -1.299626
