numKinects: 2
camera 0
fx: 367.528595
fy: 367.528595
cx: 255.201202
cy: 207.594406
R
0.920411 0.121444 -0.371610
-0.390015 0.350979 -0.851294
0.027043 0.928474 0.370410
invR
0.920411 -0.390015 0.027043
0.121444 0.350979 0.928474
-0.371610 -0.851294 0.370410
T
0.014118 -0.344858 -1.128096
camera 1
fx: 366.425995
fy: 366.425995
cx: 248.003693
cy: 210.223099
R
-0.375029 0.505766 -0.776887
-0.910122 -0.041630 0.412244
0.176157 0.861666 0.475922
invR
-0.375029 -0.910122 0.176157
0.505766 -0.041630 0.861665
-0.776887 0.412244 0.475921
T
-0.136031 -0.117481 -0.948924
