numKinects: 3
camera 0
fx: 367.528595
fy: 367.528595
cx: 255.201202
cy: 207.594406
R
-0.084881 -0.365959 0.926752
0.992769 -0.110295 0.047374
0.084878 0.924072 0.372675
invR
-0.062500 0.996031 0.063366
-0.351648 -0.081395 0.932587
0.934043 0.036005 0.355340
T
0.092603 -0.402068 -1.239004
camera 1
fx: 366.425995
fy: 366.425995
cx: 248.003693
cy: 210.223099
R
0.996737 -0.076374 0.026137
0.057141 0.438838 -0.896747
0.057019 0.895314 0.441770
invR
0.994694 0.075080 0.070333
-0.095423 0.417844 0.903494
0.038446 -0.905411 0.422791
T
-0.178182 -0.122208 -1.289623
camera 2
fx: 366.821899
fy: 366.821899
cx: 260.497314
cy: 206.150497
R
-0.793738 0.176926 -0.581959
-0.608246 -0.237203 0.757477
-0.004025 0.955213 0.295891
invR
-0.787898 -0.615767 -0.006889
0.177713 -0.238074 0.954850
-0.589605 0.751100 0.297008
T
0.032169 -0.368252 -1.160034
