numKinects: 2
camera 0
fx: 367.528595
fy: 367.528595
cx: 255.201202
cy: 207.594406
R
-0.825669 -0.437392 0.356312
0.498321 -0.269360 0.824088
-0.264473 0.857982 0.440364
invR
-0.825669 0.498321 -0.264473
-0.437392 -0.269360 0.857982
0.356312 0.824088 0.440364
T
-0.329099 -0.383328 -1.073681
camera 1
fx: 366.425995
fy: 366.425995
cx: 248.003693
cy: 210.223099
R
0.451902 -0.706907 0.544120
0.831931 0.113804 -0.543084
0.321987 0.698091 0.639526
invR
0.451902 0.831931 0.321987
-0.706907 0.113804 0.698091
0.544120 -0.543084 0.639526
T
-0.074452 -0.235421 -0.778650
