numKinects: 2
camera 0
fx: 367.528595
fy: 367.528595
cx: 255.201202
cy: 207.594406
R
-0.051255 -0.492473 0.868817
0.998675 -0.029294 0.042311
0.004614 0.869835 0.493322
invR
-0.051255 0.998675 0.004614
-0.492473 -0.029294 0.869835
0.868817 0.042311 0.493322
T
-0.147896 -0.298984 -1.172353
camera 1
fx: 366.425995
fy: 366.425995
cx: 248.003693
cy: 210.223099
R
0.928047 -0.334008 -0.164825
-0.011940 0.415620 -0.909460
0.372271 0.845990 0.381727
invR
0.928047 -0.011940 0.372271
-0.334008 0.415620 0.845990
-0.164825 -0.909460 0.381727
T
-0.070440 -0.163632 -0.792476
