numKinects: 2
camera 0
fx: 367.528595
fy: 367.528595
cx: 255.201202
cy: 207.594406
R
0.869914 0.412466 -0.270409
-0.449917 0.439051 -0.777695
-0.202050 0.798189 0.567512
T
-0.076249 -0.233637 -0.700794
camera 1
fx: 366.597809
fy: 366.597809
cx: 255.753006
cy: 210.032501
R
-0.409833 0.654435 -0.635415
-0.800017 0.076752 0.595048
0.438190 0.752213 0.492103
T
-0.091032 -0.062105 -0.718122
