numKinects: 3
camera 0
fx: 367.528595
fy: 367.528595
cx: 255.201202
cy: 207.594406
R
0.509715 0.313045 -0.801369
-0.860325 0.191555 -0.472386
0.005628 0.930220 0.366959
invR
0.511094 -0.859117 -0.026451
0.298566 0.148593 0.942751
-0.806003 -0.489732 0.332448
T
-0.120777 -0.414531 -1.186692
camera 1
fx: 366.425995
fy: 366.425995
cx: 248.003693
cy: 210.223099
R
-0.916628 0.244177 -0.316498
-0.395253 -0.435311 0.808875
0.059733 0.866534 0.495530
invR
-0.920344 -0.383723 0.075658
0.242137 -0.407109 0.880700
-0.307144 0.828866 0.467594
T
-0.142395 -0.245760 -1.064283
camera 2
fx: 366.821899
fy: 366.821899
cx: 260.497314
cy: 206.150497
R
0.748322 -0.205639 0.630656
0.659801 0.132723 -0.739627
0.068394 0.969586 0.235000
invR
0.760258 0.647683 0.050139
-0.200725 0.160805 0.966360
0.617833 -0.744747 0.252259
T
-0.310411 -0.341288 -1.235339
