numKinects: 2
camera 0
fx: 367.528595
fy: 367.528595
cx: 255.201202
cy: 207.594406
R
0.515839 0.762094 -0.391308
-0.743368 0.171150 -0.646616
-0.425810 0.624435 0.654802
invR
0.515839 -0.743368 -0.425810
0.762094 0.171150 0.624435
-0.391308 -0.646616 0.654802
T
-0.277891 -0.277813 -1.029949
camera 1
fx: 366.425995
fy: 366.425995
cx: 248.003693
cy: 210.223099
R
-0.553646 0.824814 -0.114710
-0.614419 -0.311616 0.724834
0.562107 0.471782 0.679307
invR
-0.553646 -0.614419 0.562107
0.824814 -0.311616 0.471782
-0.114710 0.724834 0.679307
T
-0.043897 -0.086420 -0.814447
