numKinects: 2
camera 0
fx: 367.528595
fy: 367.528595
cx: 255.201202
cy: 207.594406
R
-0.502566 0.310308 -0.806931
-0.856241 -0.049648 0.514184
0.119492 0.949340 0.290649
invR
-0.483847 -0.866832 0.120393
0.271380 -0.017825 0.962307
-0.832013 0.498282 0.243865
T
-0.004342 -0.450426 -1.275680
camera 1
fx: 366.425995
fy: 366.425995
cx: 248.003693
cy: 210.223099
R
-0.877145 -0.214541 0.429639
0.480209 -0.384537 0.788370
-0.003925 0.897832 0.440322
invR
-0.875683 0.481123 0.041228
-0.154848 -0.360650 0.919757
0.457386 0.799032 0.390316
T
-0.218364 -0.192380 -1.217989
